%YAML:1.0
---
model_type: PINHOLE
camera_name: camera
image_width: 672
image_height: 376
distortion_parameters:
   k1: -0.03909679874777794
   k2: 0.008607449941337109
   p1: -0.0005950300255790353
   p2: -0.0006869140197522938
projection_parameters:
   fx: 263.5775146484375
   fy: 263.427490234375
   cx: 340.177490234375
   cy: 187.79725646972656
