%YAML:1.0
---
model_type: PINHOLE
camera_name: camera
image_width: 1280
image_height: 720
distortion_parameters:
   k1: -0.04204
   k2: 0.0104308
   p1: -0.000314589
   p2: -0.000135314
projection_parameters:
   fx: 529.05
   fy: 528.61
   cx: 641.05
   cy: 363.2185
