%YAML:1.0
---
model_type: PINHOLE
camera_name: camera
image_width: 1280
image_height: 720
distortion_parameters:
   k1: -0.0390968
   k2: 0.00860745
   p1: -0.00059503
   p2: -0.000686914
projection_parameters:
   fx: 527.155
   fy: 526.855
   cx: 649.355
   cy: 360.5945
