[LEFT_CAM_2K]
fx=1058.1
fy=1057.22
cx=1109.1
cy=630.437
k1=-0.04204
k2=0.0104308
k3=-0.0049816
p1=-0.000314589
p2=-0.000135314

[RIGHT_CAM_2K]
fx=1054.31
fy=1053.71
cx=1125.71
cy=625.189
k1=-0.0390968
k2=0.00860745
k3=-0.00447387
p1=-0.00059503
p2=-0.000686914

[LEFT_CAM_FHD]
fx=1058.1
fy=1057.22
cx=965.1
cy=549.437
k1=-0.04204
k2=0.0104308
k3=-0.0049816
p1=-0.000314589
p2=-0.000135314

[RIGHT_CAM_FHD]
fx=1054.31
fy=1053.71
cx=981.71
cy=544.189
k1=-0.0390968
k2=0.00860745
k3=-0.00447387
p1=-0.00059503
p2=-0.000686914

[LEFT_CAM_HD]
fx=529.05
fy=528.61
cx=641.05
cy=363.2185
k1=-0.04204
k2=0.0104308
k3=-0.0049816
p1=-0.000314589
p2=-0.000135314

[RIGHT_CAM_HD]
fx=527.155
fy=526.855
cx=649.355
cy=360.5945
k1=-0.0390968
k2=0.00860745
k3=-0.00447387
p1=-0.00059503
p2=-0.000686914

[LEFT_CAM_VGA]
fx=264.525
fy=264.305
cx=336.025
cy=189.10925
k1=-0.04204
k2=0.0104308
k3=-0.0049816
p1=-0.000314589
p2=-0.000135314

[RIGHT_CAM_VGA]
fx=263.5775
fy=263.4275
cx=340.1775
cy=187.79725
k1=-0.0390968
k2=0.00860745
k3=-0.00447387
p1=-0.00059503
p2=-0.000686914

[STEREO]
Baseline=119.986
TY=-0.0766772
TZ=-0.159622
CV_2K=-0.000784496
CV_FHD=-0.000784496
CV_HD=-0.000784496
CV_VGA=-0.000784496
RX_2K=0.000830723
RX_FHD=0.000830723
RX_HD=0.000830723
RX_VGA=0.000830723
RZ_2K=0.000135794
RZ_FHD=0.000135794
RZ_HD=0.000135794
RZ_VGA=0.000135794

