rot:
  max: 4.1451337604374805
  mean: 1.1373004813772885
  median: 1.1221163403091974
  min: 0.18042611759836208
  num_samples: 586
  rmse: 1.2244772684107426
  std: 0.4537534527842423
scale:
  max: 8.290961353545745
  mean: 0.8674028624344401
  median: 0.5128064325969295
  min: 0.0003477586686950751
  num_samples: 586
  rmse: 1.5133530812506168
  std: 1.2401007308970007
trans:
  max: 0.579817604954337
  mean: 0.10985902871095293
  median: 0.09064104066200916
  min: 0.009400460022744807
  num_samples: 586
  rmse: 0.1426648102358992
  std: 0.0910178108412367
