rot:
  max: 0.8830075163076712
  mean: 0.8830075163076712
  median: 0.8830075163076712
  min: 0.8830075163076712
  num_samples: 1
  rmse: 0.8830075163076712
  std: 0.0
scale:
  max: 1.0392985116380073
  mean: 1.0392985116380073
  median: 1.0392985116380073
  min: 1.0392985116380073
  num_samples: 1
  rmse: 1.0392985116380073
  std: 0.0
trans:
  max: 0.10472972066567628
  mean: 0.10472972066567628
  median: 0.10472972066567628
  min: 0.10472972066567628
  num_samples: 1
  rmse: 0.10472972066567628
  std: 0.0
