rot:
  max: 0.8566088998402319
  mean: 0.8566088998402319
  median: 0.8566088998402319
  min: 0.8566088998402319
  num_samples: 1
  rmse: 0.8566088998402319
  std: 0.0
scale:
  max: 4.186183797002248
  mean: 4.186183797002248
  median: 4.186183797002248
  min: 4.186183797002248
  num_samples: 1
  rmse: 4.186183797002248
  std: 0.0
trans:
  max: 0.388662299283689
  mean: 0.388662299283689
  median: 0.388662299283689
  min: 0.388662299283689
  num_samples: 1
  rmse: 0.388662299283689
  std: 0.0
