rot:
  max: 40.254059510211775
  mean: 10.764024047754996
  median: 9.37211550098154
  min: 2.577116506673995
  num_samples: 993
  rmse: 11.910136957134942
  std: 5.097759178017702
scale:
  max: 46.4798010326152
  mean: 7.023222858311336
  median: 3.6818382808609718
  min: 0.01837751030888679
  num_samples: 993
  rmse: 11.637142015361619
  std: 9.278869272071237
trans:
  max: 8.721770404000058
  mean: 3.937008218928658
  median: 3.3960087971267585
  min: 0.6837990650357799
  num_samples: 993
  rmse: 4.506168010216422
  std: 2.192148813467286
