rot:
  max: 2.987554671200737
  mean: 0.8399210065904532
  median: 0.7580708595799968
  min: 0.36012957992984773
  num_samples: 586
  rmse: 0.8830075163076712
  std: 0.27246096333956255
scale:
  max: 3.5876669648347903
  mean: 0.7296220862977861
  median: 0.5213816682617334
  min: 6.478486825889362e-05
  num_samples: 586
  rmse: 1.0392985116380073
  std: 0.7401303989699672
trans:
  max: 0.35765178026017913
  mean: 0.08913033621079693
  median: 0.0831455571098175
  min: 0.0059337111898032915
  num_samples: 586
  rmse: 0.10472972066567628
  std: 0.05499179536677163
