rot:
  max: 0.8809837923343552
  mean: 0.8809837923343552
  median: 0.8809837923343552
  min: 0.8809837923343552
  num_samples: 1
  rmse: 0.8809837923343552
  std: 0.0
scale:
  max: 1.8432458190640018
  mean: 1.8432458190640018
  median: 1.8432458190640018
  min: 1.8432458190640018
  num_samples: 1
  rmse: 1.8432458190640018
  std: 0.0
trans:
  max: 0.29000499375375305
  mean: 0.29000499375375305
  median: 0.29000499375375305
  min: 0.29000499375375305
  num_samples: 1
  rmse: 0.29000499375375305
  std: 0.0
