rot:
  max: 1.2244772684107426
  mean: 1.2244772684107426
  median: 1.2244772684107426
  min: 1.2244772684107426
  num_samples: 1
  rmse: 1.2244772684107426
  std: 0.0
scale:
  max: 1.5133530812506168
  mean: 1.5133530812506168
  median: 1.5133530812506168
  min: 1.5133530812506168
  num_samples: 1
  rmse: 1.5133530812506168
  std: 0.0
trans:
  max: 0.1426648102358992
  mean: 0.1426648102358992
  median: 0.1426648102358992
  min: 0.1426648102358992
  num_samples: 1
  rmse: 0.1426648102358992
  std: 0.0
