rot:
  max: 11.189129148924529
  mean: 0.5514228390828877
  median: 0.4517385326956526
  min: 0.1417766311698335
  num_samples: 608
  rmse: 0.8809837923343552
  std: 0.6870700800453985
scale:
  max: 5.3982457013319385
  mean: 1.1440982629233722
  median: 0.42649573620215375
  min: 0.0047261324747194244
  num_samples: 608
  rmse: 1.8432458190640018
  std: 1.445196981131861
trans:
  max: 0.6319733627893135
  mean: 0.2539903060448334
  median: 0.23742409610054188
  min: 0.042390758766149776
  num_samples: 608
  rmse: 0.29000499375375305
  std: 0.13997078565674415
