rot:
  max: 0.9811378422751792
  mean: 0.9811378422751792
  median: 0.9811378422751792
  min: 0.9811378422751792
  num_samples: 1
  rmse: 0.9811378422751792
  std: 0.0
scale:
  max: 2.5249811758524756
  mean: 2.5249811758524756
  median: 2.5249811758524756
  min: 2.5249811758524756
  num_samples: 1
  rmse: 2.5249811758524756
  std: 0.0
trans:
  max: 0.5129050908198498
  mean: 0.5129050908198498
  median: 0.5129050908198498
  min: 0.5129050908198498
  num_samples: 1
  rmse: 0.5129050908198498
  std: 0.0
