rot:
  max: 5.463323624414043
  mean: 1.1334526480095541
  median: 1.0330723496939007
  min: 0.7089832074860988
  num_samples: 586
  rmse: 1.182296338381546
  std: 0.3363178949603188
scale:
  max: 2.6592082635242043
  mean: 0.42875550019034775
  median: 0.2424107961341182
  min: 0.0001535573097122267
  num_samples: 586
  rmse: 0.6060343139472684
  std: 0.42830632815551634
trans:
  max: 0.30526970785496566
  mean: 0.07084267987670194
  median: 0.06864713146540227
  min: 0.0027821649595243456
  num_samples: 586
  rmse: 0.07966639792365307
  std: 0.036442415754405814
