rot:
  max: 1.182296338381546
  mean: 1.182296338381546
  median: 1.182296338381546
  min: 1.182296338381546
  num_samples: 1
  rmse: 1.182296338381546
  std: 0.0
scale:
  max: 0.6060343139472684
  mean: 0.6060343139472684
  median: 0.6060343139472684
  min: 0.6060343139472684
  num_samples: 1
  rmse: 0.6060343139472684
  std: 0.0
trans:
  max: 0.07966639792365307
  mean: 0.07966639792365307
  median: 0.07966639792365307
  min: 0.07966639792365307
  num_samples: 1
  rmse: 0.07966639792365307
  std: 0.0
