rot:
  max: 9.447457855695752
  mean: 0.8368401576508613
  median: 0.819290180509643
  min: 0.1320397127280436
  num_samples: 608
  rmse: 0.9811378422751792
  std: 0.5121816241210498
scale:
  max: 6.739809436085631
  mean: 1.623547331331557
  median: 0.709823334462667
  min: 0.0015405898285747455
  num_samples: 608
  rmse: 2.5249811758524756
  std: 1.933810745997531
trans:
  max: 1.7512897249186345
  mean: 0.4075548206100973
  median: 0.40862501051410793
  min: 0.023381888643270347
  num_samples: 608
  rmse: 0.5129050908198498
  std: 0.3114011888005404
