rot:
  max: 3.5918622162701044
  mean: 0.6373853396073658
  median: 0.5497614978956733
  min: 0.276522923249319
  num_samples: 585
  rmse: 0.6962100808787853
  std: 0.2800864251813139
scale:
  max: 2.951390965084333
  mean: 0.7800291019937362
  median: 0.6140967551112153
  min: 0.0018205047942032593
  num_samples: 585
  rmse: 1.003602966035875
  std: 0.6314851648921379
trans:
  max: 0.20483985457002615
  mean: 0.08026718055854236
  median: 0.06679101917159148
  min: 0.03210383197095598
  num_samples: 585
  rmse: 0.08715662599397046
  std: 0.033962584999307835
