rot:
  max: 0.6962100808787853
  mean: 0.6962100808787853
  median: 0.6962100808787853
  min: 0.6962100808787853
  num_samples: 1
  rmse: 0.6962100808787853
  std: 0.0
scale:
  max: 1.003602966035875
  mean: 1.003602966035875
  median: 1.003602966035875
  min: 1.003602966035875
  num_samples: 1
  rmse: 1.003602966035875
  std: 0.0
trans:
  max: 0.08715662599397046
  mean: 0.08715662599397046
  median: 0.08715662599397046
  min: 0.08715662599397046
  num_samples: 1
  rmse: 0.08715662599397046
  std: 0.0
