rot:
  max: 3.6872130641761194
  mean: 0.8082866473995939
  median: 0.7785921609394951
  min: 0.3126060607226726
  num_samples: 608
  rmse: 0.8566088998402319
  std: 0.2836397414344774
scale:
  max: 13.182553423767306
  mean: 2.257395728108893
  median: 0.6259098968304233
  min: 0.0008889223775288002
  num_samples: 608
  rmse: 4.186183797002248
  std: 3.5253793142015057
trans:
  max: 1.2587156269646105
  mean: 0.31726914391940086
  median: 0.28292007064095903
  min: 0.03380013707558245
  num_samples: 608
  rmse: 0.388662299283689
  std: 0.22449648817104984
