rot:
  max: 12.335827330869105
  mean: 3.4133212251494838
  median: 1.4076319499154955
  min: 0.8709741676928556
  num_samples: 414
  rmse: 4.400247075637328
  std: 2.776943020769219
scale:
  max: 12.709501014002122
  mean: 1.4360961090917816
  median: 0.8965393751199646
  min: 0.003089904032060886
  num_samples: 414
  rmse: 2.419459554952354
  std: 1.9471549767549803
trans:
  max: 0.7937498137808238
  mean: 0.2103003046624704
  median: 0.17627374419416045
  min: 0.028056962370360813
  num_samples: 414
  rmse: 0.2362427784486988
  std: 0.10763100031140245
