rot:
  max: 9.509697628552113
  mean: 0.9904210073382046
  median: 0.9585829144141449
  min: 0.3410405827050653
  num_samples: 608
  rmse: 1.0948665436345795
  std: 0.46668937913081593
scale:
  max: 18.19001208523723
  mean: 3.3986676255996198
  median: 1.0742799589288643
  min: 0.0014370641594485534
  num_samples: 608
  rmse: 6.013042076869189
  std: 4.960416654768062
trans:
  max: 3.3917697394710227
  mean: 0.5508528863258731
  median: 0.5160154443174938
  min: 0.010073169777723158
  num_samples: 608
  rmse: 0.7639472690723094
  std: 0.5293170387862968
