rot:
  max: 1.0948665436345795
  mean: 1.0948665436345795
  median: 1.0948665436345795
  min: 1.0948665436345795
  num_samples: 1
  rmse: 1.0948665436345795
  std: 0.0
scale:
  max: 6.013042076869189
  mean: 6.013042076869189
  median: 6.013042076869189
  min: 6.013042076869189
  num_samples: 1
  rmse: 6.013042076869189
  std: 0.0
trans:
  max: 0.7639472690723094
  mean: 0.7639472690723094
  median: 0.7639472690723094
  min: 0.7639472690723094
  num_samples: 1
  rmse: 0.7639472690723094
  std: 0.0
