%YAML:1.0
---
model_type: KANNALA_BRANDT
camera_name: kannala-brandt
image_width: 640
image_height: 400
projection_parameters:
   k2: 5.2424377013038670e-01
   k3: 3.2961143114051095e-01
   k4: -7.6222551205054068e-01
   k5: 3.3451041819944372e-01
   mu: 2.0122272174187495e+02
   mv: 2.0128990507558530e+02
   u0: 3.1734263731810125e+02
   v0: 1.9505734511176362e+02
