%YAML:1.0
---
model_type: KANNALA_BRANDT
camera_name: kannala-brandt
image_width: 640
image_height: 400
projection_parameters:
   k2: 5.2728666602084617e-01
   k3: 3.1537596373977572e-01
   k4: -7.4134245716778646e-01
   k5: 3.2159036051296169e-01
   mu: 2.0143008984676288e+02
   mv: 2.0137639883522235e+02
   u0: 3.0852939423383873e+02
   v0: 1.9178810079875910e+02
